5449.000
5433.000
5438.000
5504.000
5477.000
5392.000
5465.000
5454.000
5371.000
5473.000
5440.000
5514.000
5512.000
5499.000
5351.000
5426.000
5447.000
5389.000
5389.000
5441.000
5387.000
5492.000
5507.000
5451.000
5500.000
5509.000
5621.000
5457.000
5406.000
5373.000
5493.000
5585.000
5502.000
5389.000
5522.000
5501.000
5328.000
5480.000
5710.000
5452.000
5506.000
5570.000
5333.000
5427.000
5510.000
5527.000
5482.000
5481.000
5595.000
5531.000
5596.000
5364.000
5438.000
5353.000
5505.000
5370.000
5357.000
5443.000
5472.000
5483.000
5436.000
5283.000
5557.000
5521.000
5415.000
5511.000
5488.000
5324.000
5408.000
5470.000
5524.000
5464.000
5541.000
5564.000
5502.000
5343.000
5416.000
5659.000
5463.000
5546.000
5353.000
5430.000
5433.000
5452.000
5557.000
5350.000
5456.000
5350.000
5367.000
5373.000
5442.000
5464.000
5465.000
5463.000
5488.000
5512.000
5376.000
5479.000
5441.000
5699.000
