129.000
113.000
119.000
126.000
121.000
109.000
130.000
123.000
117.000
101.000
121.000
126.000
126.000
103.000
121.000
116.000
112.000
105.000
103.000
123.000
116.000
117.000
110.000
124.000
112.000
128.000
129.000
111.000
123.000
129.000
86.000
115.000
107.000
112.000
108.000
134.000
113.000
138.000
152.000
132.000
117.000
124.000
119.000
134.000
126.000
117.000
108.000
132.000
113.000
118.000
150.000
128.000
127.000
110.000
140.000
119.000
118.000
115.000
121.000
118.000
131.000
110.000
114.000
112.000
99.000
107.000
118.000
105.000
123.000
128.000
130.000
122.000
136.000
133.000
131.000
123.000
126.000
123.000
120.000
133.000
121.000
126.000
120.000
106.000
149.000
142.000
124.000
125.000
121.000
134.000
110.000
121.000
129.000
109.000
148.000
119.000
105.000
119.000
129.000
120.000
