EnergyDepositedInSi, SourceZ, SiAngleOffAxis, AbsorberThickness
9.25591,0,0,0
2.88937,0,0,0
11.0146,0,0,0
60,0,0,0
60,0,0,0
8.61424,0,0,0
11.2404,0,0,0
60,0,0,0
60,0,0,0
0.433205,0,0,0
0.937596,0,0,0
60,0,0,0
60,0,0,0
2.8081,0,0,0
60,0,0,0
60,0,0,0
60,0,0,0
60,0,0,0
7.9821,0,0,0
60,0,0,0
6.87797,0,0,0
11.4055,0,0,0
9.91504,0,0,0
11.3917,0,0,0
2.99978,0,0,0
9.98006,0,0,0
0.360384,0,0,0
1.86751,0,0,0
10.2873,0,0,0
9.53781,0,0,0
60,0,0,0
60,0,0,0
60,0,0,0
8.14195,0,0,0
60,0,0,0
7.11956,0,0,0
60,0,0,0
0.109238,0,0,0
60,0,0,0
60,0,0,0
7.58458,0,0,0
4.35043,0,0,0
2.95798,0,0,0
60,0,0,0
60,0,0,0
60,0,0,0
4.24156,0,0,0
60,0,0,0
3.66182,0,0,0
60,0,0,0
60,0,0,0
0.701372,0,0,0
60,0,0,0
7.59537,0,0,0
60,0,0,0
3.71756,0,0,0
3.36116,0,0,0
9.37307,0,0,0
1.0657,0,0,0
7.81086,0,0,0
60,0,0,0
60,0,0,0
60,0,0,0
60,0,0,0
7.60143,0,0,0
8.4101,0,0,0
60,0,0,0
60,0,0,0
11.0207,0,0,0
60,0,0,0
60,0,0,0
2.32762,0,0,0
60,0,0,0
7.93884,0,0,0
21.7128,0,0,0
60,0,0,0
1.75514,0,0,0
4.62169,0,0,0
4.54878,0,0,0
1.87058,0,0,0
60,0,0,0
5.19053,0,0,0
60,0,0,0
8.89736,0,0,0
60,0,0,0
1.08944,0,0,0
0.44896,0,0,0
8.66563,0,0,0
60,0,0,0
3.97467,0,0,0
2.28634,0,0,0
7.80672,0,0,0
7.58033,0,0,0
60,0,0,0
6.34326,0,0,0
60,0,0,0
8.20354,0,0,0
3.86273,0,0,0
1.19875,0,0,0
60,0,0,0
60,0,0,0
3.03893,0,0,0
10.5994,0,0,0
6.85033,0,0,0
60,0,0,0
60,0,0,0
9.12872,0,0,0
60,0,0,0
2.41718,0,0,0
9.88673,0,0,0
15.4698,0,0,0
60,0,0,0
4.79228,0,0,0
60,0,0,0
60,0,0,0
60,0,0,0
60,0,0,0
60,0,0,0
60,0,0,0
60,0,0,0
60,0,0,0
60,0,0,0
8.92631,0,0,0
10.9328,0,0,0
4.69703,0,0,0
5.22173,0,0,0
60,0,0,0
9.79203,0,0,0
2.70042,0,0,0
7.78895,0,0,0
0.489366,0,0,0
1.40373,0,0,0
60,0,0,0
4.90344,0,0,0
60,0,0,0
10.5508,0,0,0
60,0,0,0
60,0,0,0
60,0,0,0
60,0,0,0
60,0,0,0
60,0,0,0
60,0,0,0
60,0,0,0
0.725485,0,0,0
11.2856,0,0,0
3.08459,0,0,0
0.697881,0,0,0
9.51782,0,0,0
8.36032,0,0,0
9.45885,0,0,0
60,0,0,0
8.12375,0,0,0
9.28409,0,0,0
10.549,0,0,0
60,0,0,0
60,0,0,0
60,0,0,0
4.88771,0,0,0
0.453314,0,0,0
8.64647,0,0,0
0.60442,0,0,0
60,0,0,0
3.70893,0,0,0
11.3019,0,0,0
1.47676,0,0,0
60,0,0,0
60,0,0,0
1.58363,0,0,0
60,0,0,0
60,0,0,0
5.79918,0,0,0
1.4961,0,0,0
9.10309,0,0,0
60,0,0,0
60,0,0,0
60,0,0,0
60,0,0,0
8.8039,0,0,0
4.17955,0,0,0
0.72412,0,0,0
3.66744,0,0,0
60,0,0,0
60,0,0,0
60,0,0,0
60,0,0,0
60,0,0,0
4.07799,0,0,0
0.528761,0,0,0
60,0,0,0
5.74981,0,0,0
7.07317,0,0,0
5.34837,0,0,0
1.52334,0,0,0
60,0,0,0
60,0,0,0
60,0,0,0
60,0,0,0
60,0,0,0
9.58307,0,0,0
13.8085,0,0,0
60,0,0,0
2.03144,0,0,0
9.72619,0,0,0
60,0,0,0
5.07128,0,0,0
14.2869,0,0,0
60,0,0,0
3.52034,0,0,0
60,0,0,0
8.4091,0,0,0
60,0,0,0
4.65234,0,0,0
11.3397,0,0,0
60,0,0,0
60,0,0,0
60,0,0,0
1.43841,0,0,0
60,0,0,0
60,0,0,0
2.18848,0,0,0
60,0,0,0
60,0,0,0
4.33556,0,0,0
11.0804,0,0,0
2.48981,0,0,0
8.73317,0,0,0
10.0741,0,0,0
60,0,0,0
60,0,0,0
60,0,0,0
60,0,0,0
1.08013,0,0,0
60,0,0,0
6.91067,0,0,0
60,0,0,0
7.2225,0,0,0
60,0,0,0
8.96663,0,0,0
3.82148,0,0,0
1.64904,0,0,0
0.446307,0,0,0
8.63105,0,0,0
4.3366,0,0,0
60,0,0,0
60,0,0,0
60,0,0,0
5.74873,0,0,0
60,0,0,0
10.9396,0,0,0
10.4736,0,0,0
60,0,0,0
3.57763,0,0,0
9.33788,0,0,0
10.1033,0,0,0
1.7997,0,0,0
60,0,0,0
60,0,0,0
60,0,0,0
60,0,0,0
10.8745,0,0,0
60,0,0,0
60,0,0,0
60,0,0,0
60,0,0,0
60,0,0,0
0.338971,0,0,0
1.2211,0,0,0
6.9826,0,0,0
60,0,0,0
2.97306,0,0,0
60,0,0,0
60,0,0,0
60,0,0,0
1.72722,0,0,0
60,0,0,0
60,0,0,0
10.1702,0,0,0
0.13406,0,0,0
1.58973,0,0,0
1.85479,0,0,0
12.0576,0,0,0
60,0,0,0
3.20528,0,0,0
0.625462,0,0,0
60,0,0,0
1.6128,0,0,0
60,0,0,0
11.1738,0,0,0
60,0,0,0
60,0,0,0
7.53161,0,0,0
60,0,0,0
60,0,0,0
3.32309,0,0,0
60,0,0,0
60,0,0,0
8.13393,0,0,0
60,0,0,0
60,0,0,0
9.37914,0,0,0
11.0627,0,0,0
60,0,0,0
11.3319,0,0,0
60,0,0,0
60,0,0,0
9.78747,0,0,0
0.679202,0,0,0
60,0,0,0
4.511,0,0,0
60,0,0,0
60,0,0,0
3.21778,0,0,0
1.78524,0,0,0
60,0,0,0
4.72867,0,0,0
50.5544,0,0,0
60,0,0,0
3.04135,0,0,0
1.40236,0,0,0
7.32824,0,0,0
9.20616,0,0,0
9.81974,0,0,0
60,0,0,0
2.71869,0,0,0
4.5766,0,0,0
2.57129,0,0,0
60,0,0,0
9.58746,0,0,0
60,0,0,0
60,0,0,0
1.66847,0,0,0
8.04177,0,0,0
2.26581,0,0,0
60,0,0,0
9.89245,0,0,0
60,0,0,0
60,0,0,0
60,0,0,0
60,0,0,0
4.21473,0,0,0
60,0,0,0
9.06493,0,0,0
10.3174,0,0,0
11.0672,0,0,0
60,0,0,0
0.501577,0,0,0
2.07486,0,0,0
3.32153,0,0,0
10.4581,0,0,0
60,0,0,0
4.16276,0,0,0
60,0,0,0
9.79966,0,0,0
2.50394,0,0,0
60,0,0,0
60,0,0,0
60,0,0,0
1.13557,0,0,0
10.7625,0,0,0
9.34578,0,0,0
10.9236,0,0,0
60,0,0,0
9.64177,0,0,0
0.333331,0,0,0
11.3218,0,0,0
60,0,0,0
60,0,0,0
5.74698,0,0,0
4.96007,0,0,0
4.90501,0,0,0
2.1878,0,0,0
60,0,0,0
60,0,0,0
8.55158,0,0,0
4.43612,0,0,0
10.5196,0,0,0
60,0,0,0
60,0,0,0
10.3072,0,0,0
60,0,0,0
5.55992,0,0,0
60,0,0,0
6.12219,0,0,0
60,0,0,0
60,0,0,0
60,0,0,0
60,0,0,0
60,0,0,0
60,0,0,0
7.17313,0,0,0
6.73572,0,0,0
0.923743,0,0,0
0.63249,0,0,0
60,0,0,0
60,0,0,0
4.7912,0,0,0
21.8565,0,0,0
60,0,0,0
4.75288,0,0,0
5.82591,0,0,0
60,0,0,0
0.328245,0,0,0
0.713775,0,0,0
60,0,0,0
60,0,0,0
7.96462,0,0,0
60,0,0,0
2.0683,0,0,0
60,0,0,0
3.2634,0,0,0
12.834,0,0,0
2.70494,0,0,0
60,0,0,0
9.87592,0,0,0
2.1113,0,0,0
60,0,0,0
4.81505,0,0,0
2.88762,0,0,0
2.72003,0,0,0
6.81035,0,0,0
2.51962,0,0,0
60,0,0,0
9.99636,0,0,0
4.1936,0,0,0
0.319409,0,0,0
60,0,0,0
60,0,0,0
60,0,0,0
4.67813,0,0,0
60,0,0,0
60,0,0,0
60,0,0,0
10.1074,0,0,0
60,0,0,0
60,0,0,0
60,0,0,0
3.35881,0,0,0
3.34313,0,0,0
60,0,0,0
60,0,0,0
60,0,0,0
8.17892,0,0,0
3.60363,0,0,0
60,0,0,0
2.00478,0,0,0
4.95166,0,0,0
60,0,0,0
60,0,0,0
60,0,0,0
60,0,0,0
3.99725,0,0,0
0.906759,0,0,0
11.0547,0,0,0
60,0,0,0
60,0,0,0
60,0,0,0
60,0,0,0
11.0704,0,0,0
8.76777,0,0,0
6.03528,0,0,0
60,0,0,0
2.27557,0,0,0
3.41078,0,0,0
4.76584,0,0,0
60,0,0,0
60,0,0,0
56.9022,0,0,0
60,0,0,0
7.75444,0,0,0
60,0,0,0
60,0,0,0
60,0,0,0
60,0,0,0
2.22856,0,0,0
9.6369,0,0,0
60,0,0,0
3.33114,0,0,0
2.54198,0,0,0
0.369465,0,0,0
10.5392,0,0,0
60,0,0,0
4.40932,0,0,0
8.87679,0,0,0
60,0,0,0
60,0,0,0
60,0,0,0
60,0,0,0
60,0,0,0
6.46256,0,0,0
5.86171,0,0,0
60,0,0,0
4.74148,0,0,0
60,0,0,0
60,0,0,0
60,0,0,0
60,0,0,0
2.52359,0,0,0
60,0,0,0
9.76483,0,0,0
60,0,0,0
60,0,0,0
60,0,0,0
10.7604,0,0,0
6.19535,0,0,0
60,0,0,0
60,0,0,0
9.99213,0,0,0
60,0,0,0
60,0,0,0
60,0,0,0
60,0,0,0
8.6614,0,0,0
2.79251,0,0,0
60,0,0,0
2.30837,0,0,0
60,0,0,0
60,0,0,0
60,0,0,0
60,0,0,0
0.893542,0,0,0
10.4121,0,0,0
5.42974,0,0,0
60,0,0,0
3.17779,0,0,0
9.57465,0,0,0
60,0,0,0
3.68792,0,0,0
8.60186,0,0,0
60,0,0,0
60,0,0,0
60,0,0,0
60,0,0,0
11.0308,0,0,0
7.06493,0,0,0
60,0,0,0
60,0,0,0
5.15885,0,0,0
60,0,0,0
5.06037,0,0,0
60,0,0,0
60,0,0,0
60,0,0,0
6.05365,0,0,0
16.5654,0,0,0
4.35588,0,0,0
9.9625,0,0,0
60,0,0,0
60,0,0,0
60,0,0,0
10.9302,0,0,0
2.75674,0,0,0
60,0,0,0
6.93234,0,0,0
11.0021,0,0,0
6.47165,0,0,0
60,0,0,0
11.4174,0,0,0
60,0,0,0
2.32416,0,0,0
2.34843,0,0,0
3.1016,0,0,0
5.1212,0,0,0
60,0,0,0
4.26103,0,0,0
60,0,0,0
4.30309,0,0,0
8.81098,0,0,0
2.52103,0,0,0
0.9586,0,0,0
4.45134,0,0,0
60,0,0,0
11.0515,0,0,0
6.74872,0,0,0
10.0651,0,0,0
2.37143,0,0,0
60,0,0,0
60,0,0,0
4.27273,0,0,0
60,0,0,0
10.2362,0,0,0
5.83467,0,0,0
60,0,0,0
3.6466,0,0,0
60,0,0,0
60,0,0,0
6.80272,0,0,0
10.5192,0,0,0
11.1595,0,0,0
60,0,0,0
2.23641,0,0,0
0.421714,0,0,0
60,0,0,0
60,0,0,0
4.68995,0,0,0
6.80661,0,0,0
60,0,0,0
2.54354,0,0,0
60,0,0,0
60,0,0,0
1.60588,0,0,0
60,0,0,0
60,0,0,0
60,0,0,0
60,0,0,0
4.25605,0,0,0
60,0,0,0
1.31622,0,0,0
9.85905,0,0,0
4.3352,0,0,0
2.01218,0,0,0
3.76635,0,0,0
60,0,0,0
10.1181,0,0,0
0.434789,0,0,0
10.2078,0,0,0
1.6582,0,0,0
11.3799,0,0,0
0.471133,0,0,0
60,0,0,0
0.375066,0,0,0
9.566,0,0,0
60,0,0,0
60,0,0,0
60,0,0,0
60,0,0,0
60,0,0,0
11.3327,0,0,0
3.21419,0,0,0
60,0,0,0
60,0,0,0
60,0,0,0
6.03212,0,0,0
9.24882,0,0,0
11.3727,0,0,0
3.78789,0,0,0
60,0,0,0
60,0,0,0
10.8707,0,0,0
11.0273,0,0,0
60,0,0,0
60,0,0,0
1.7827,0,0,0
6.6769,0,0,0
1.66161,0,0,0
60,0,0,0
60,0,0,0
60,0,0,0
1.35498,0,0,0
10.8933,0,0,0
6.10713,0,0,0
0.446577,0,0,0
60,0,0,0
60,0,0,0
3.7027,0,0,0
60,0,0,0
60,0,0,0
60,0,0,0
60,0,0,0
60,0,0,0
60,0,0,0
0.555773,0,0,0
11.2507,0,0,0
10.7712,0,0,0
60,0,0,0
60,0,0,0
5.47025,0,0,0
7.47269,0,0,0
60,0,0,0
60,0,0,0
14.4423,0,0,0
9.84257,0,0,0
60,0,0,0
3.7875,0,0,0
60,0,0,0
60,0,0,0
60,0,0,0
60,0,0,0
60,0,0,0
0.462455,0,0,0
10.3726,0,0,0
2.34252,0,0,0
10.866,0,0,0
60,0,0,0
11.0638,0,0,0
60,0,0,0
60,0,0,0
60,0,0,0
7.80023,0,0,0
60,0,0,0
60,0,0,0
10.5744,0,0,0
3.61859,0,0,0
60,0,0,0
4.87239,0,0,0
60,0,0,0
7.14761,0,0,0
60,0,0,0
1.64975,0,0,0
9.62581,0,0,0
4.57693,0,0,0
60,0,0,0
11.2898,0,0,0
1.64514,0,0,0
10.3667,0,0,0
1.36993,0,0,0
60,0,0,0
60,0,0,0
4.03753,0,0,0
60,0,0,0
4.68178,0,0,0
7.67029,0,0,0
60,0,0,0
60,0,0,0
60,0,0,0
60,0,0,0
10.5988,0,0,0
1.18461,0,0,0
1.10747,0,0,0
2.97999,0,0,0
60,0,0,0
60,0,0,0
60,0,0,0
5.63894,0,0,0
7.23195,0,0,0
4.53787,0,0,0
10.6054,0,0,0
60,0,0,0
60,0,0,0
60,0,0,0
8.3714,0,0,0
0.560533,0,0,0
60,0,0,0
6.89702,0,0,0
60,0,0,0
4.58803,0,0,0
60,0,0,0
60,0,0,0
60,0,0,0
9.84534,0,0,0
11.1589,0,0,0
60,0,0,0
60,0,0,0
3.76529,0,0,0
60,0,0,0
9.68264,0,0,0
60,0,0,0
60,0,0,0
0.76308,0,0,0
60,0,0,0
7.18685,0,0,0
2.34743,0,0,0
60,0,0,0
41.0674,0,0,0
5.20615,0,0,0
60,0,0,0
60,0,0,0
60,0,0,0
4.53891,0,0,0
10.7839,0,0,0
8.424,0,0,0
4.89016,0,0,0
3.25593,0,0,0
0.471402,0,0,0
60,0,0,0
11.0431,0,0,0
60,0,0,0
3.31825,0,0,0
60,0,0,0
60,0,0,0
2.20108,0,0,0
1.3445,0,0,0
4.07203,0,0,0
2.07415,0,0,0
60,0,0,0
5.86178,0,0,0
10.2626,0,0,0
3.01952,0,0,0
60,0,0,0
1.38783,0,0,0
3.63287,0,0,0
60,0,0,0
60,0,0,0
1.67072,0,0,0
60,0,0,0
6.907,0,0,0
9.41773,0,0,0
4.50135,0,0,0
60,0,0,0
60,0,0,0
60,0,0,0
3.05534,0,0,0
3.64035,0,0,0
3.57397,0,0,0
0.233547,0,0,0
60,0,0,0
60,0,0,0
60,0,0,0
60,0,0,0
10.1495,0,0,0
4.73917,0,0,0
60,0,0,0
60,0,0,0
60,0,0,0
60,0,0,0
8.38787,0,0,0
3.75838,0,0,0
10.499,0,0,0
60,0,0,0
60,0,0,0
60,0,0,0
60,0,0,0
4.62842,0,0,0
60,0,0,0
60,0,0,0
7.22189,0,0,0
60,0,0,0
0.546196,0,0,0
60,0,0,0
60,0,0,0
60,0,0,0
0.585694,0,0,0
0.9294,0,0,0
2.51336,0,0,0
60,0,0,0
60,0,0,0
0.871744,0,0,0
10.6198,0,0,0
2.07236,0,0,0
60,0,0,0
60,0,0,0
60,0,0,0
60,0,0,0
1.6418,0,0,0
8.89539,0,0,0
60,0,0,0
1.08471,0,0,0
60,0,0,0
1.27099,0,0,0
60,0,0,0
2.10667,0,0,0
6.2221,0,0,0
60,0,0,0
60,0,0,0
9.21968,0,0,0
8.45578,0,0,0
7.34198,0,0,0
1.33879,0,0,0
60,0,0,0
6.96996,0,0,0
60,0,0,0
60,0,0,0
60,0,0,0
7.6654,0,0,0
60,0,0,0
10.4035,0,0,0
60,0,0,0
60,0,0,0
9.98875,0,0,0
9.79735,0,0,0
60,0,0,0
1.4698,0,0,0
60,0,0,0
2.00565,0,0,0
1.05288,0,0,0
6.10547,0,0,0
60,0,0,0
13.5162,0,0,0
5.71337,0,0,0
1.7768,0,0,0
9.50044,0,0,0
60,0,0,0
60,0,0,0
0.235464,0,0,0
60,0,0,0
27.8676,0,0,0
10.1963,0,0,0
60,0,0,0
60,0,0,0
8.83469,0,0,0
60,0,0,0
60,0,0,0
1.40491,0,0,0
6.89891,0,0,0
10.1787,0,0,0
60,0,0,0
60,0,0,0
5.81185,0,0,0
8.91633,0,0,0
60,0,0,0
60,0,0,0
7.27278,0,0,0
10.7363,0,0,0
41.7247,0,0,0
60,0,0,0
13.1512,0,0,0
11.3111,0,0,0
9.08244,0,0,0
0.467265,0,0,0
9.71867,0,0,0
60,0,0,0
0.47574,0,0,0
60,0,0,0
2.40557,0,0,0
4.06865,0,0,0
0.372781,0,0,0
9.40729,0,0,0
60,0,0,0
60,0,0,0
11.3743,0,0,0
60,0,0,0
4.35555,0,0,0
9.91015,0,0,0
9.5981,0,0,0
60,0,0,0
1.70606,0,0,0
60,0,0,0
60,0,0,0
60,0,0,0
9.81167,0,0,0
60,0,0,0
60,0,0,0
1.4493,0,0,0
60,0,0,0
60,0,0,0
1.30854,0,0,0
10.2448,0,0,0
42.2792,0,0,0
60,0,0,0
60,0,0,0
4.07871,0,0,0
9.67493,0,0,0
5.58184,0,0,0
60,0,0,0
60,0,0,0
60,0,0,0
60,0,0,0
60,0,0,0
11.075,0,0,0
10.0204,0,0,0
60,0,0,0
11.2118,0,0,0
60,0,0,0
2.31047,0,0,0
0.819442,0,0,0
8.1422,0,0,0
11.1544,0,0,0
2.40484,0,0,0
60,0,0,0
0.741563,0,0,0
6.88215,0,0,0
0.630213,0,0,0
60,0,0,0
8.53831,0,0,0
60,0,0,0
60,0,0,0
60,0,0,0
10.0125,0,0,0
1.32913,0,0,0
60,0,0,0
9.18832,0,0,0
60,0,0,0
2.62948,0,0,0
3.58843,0,0,0
0.621652,0,0,0
60,0,0,0
60,0,0,0
60,0,0,0
0.227502,0,0,0
6.31123,0,0,0
4.47166,0,0,0
60,0,0,0
60,0,0,0
2.8887,0,0,0
60,0,0,0
60,0,0,0
60,0,0,0
14.2884,0,0,0
3.31709,0,0,0
60,0,0,0
0.16903,0,0,0
4.32446,0,0,0
3.40735,0,0,0
60,0,0,0
10.4411,0,0,0
60,0,0,0
60,0,0,0
60,0,0,0
11.3775,0,0,0
9.49375,0,0,0
60,0,0,0
5.96024,0,0,0
4.60963,0,0,0
10.6714,0,0,0
11.3825,0,0,0
5.99095,0,0,0
60,0,0,0
60,0,0,0
0.648264,0,0,0
10.5081,0,0,0
60,0,0,0
9.94577,0,0,0
7.6355,0,0,0
60,0,0,0
8.53787,0,0,0
60,0,0,0
60,0,0,0
10.0311,0,0,0
60,0,0,0
60,0,0,0
8.38124,0,0,0
5.35478,0,0,0
4.41482,0,0,0
60,0,0,0
6.61621,0,0,0
10.313,0,0,0
0.243942,0,0,0
60,0,0,0
60,0,0,0
60,0,0,0
60,0,0,0
6.01204,0,0,0
7.92921,0,0,0
60,0,0,0
60,0,0,0
2.28273,0,0,0
8.34372,0,0,0
0.679112,0,0,0
60,0,0,0
10.91,0,0,0
60,0,0,0
9.89382,0,0,0
5.01566,0,0,0
2.54952,0,0,0
60,0,0,0
60,0,0,0
0.524344,0,0,0
3.00793,0,0,0
3.55338,0,0,0
60,0,0,0
0.407755,0,0,0
4.66197,0,0,0
6.57312,0,0,0
3.53173,0,0,0
9.2282,0,0,0
60,0,0,0
60,0,0,0
2.73254,0,0,0
60,0,0,0
9.46618,0,0,0
60,0,0,0
60,0,0,0
8.58306,0,0,0
60,0,0,0
9.67478,0,0,0
60,0,0,0
0.260819,0,0,0
0.226129,0,0,0
7.2524,0,0,0
8.56976,0,0,0
10.1273,0,0,0
10.537,0,0,0
8.59212,0,0,0
1.449,0,0,0
7.87693,0,0,0
11.2986,0,0,0
4.40874,0,0,0
60,0,0,0
3.76938,0,0,0
9.38748,0,0,0
8.42593,0,0,0
60,0,0,0
4.45719,0,0,0
60,0,0,0
60,0,0,0
2.32349,0,0,0
60,0,0,0
60,0,0,0
1.38486,0,0,0
0.566484,0,0,0
11.3815,0,0,0
10.5921,0,0,0
7.72066,0,0,0
60,0,0,0
8.12032,0,0,0
2.70364,0,0,0
4.05875,0,0,0
9.36311,0,0,0
60,0,0,0
5.27423,0,0,0
60,0,0,0
60,0,0,0
8.22512,0,0,0
2.35021,0,0,0
5.83776,0,0,0
60,0,0,0
60,0,0,0
7.84923,0,0,0
60,0,0,0
3.85915,0,0,0
60,0,0,0
0.732018,0,0,0
60,0,0,0
60,0,0,0
7.75423,0,0,0
9.81321,0,0,0
10.0188,0,0,0
60,0,0,0
60,0,0,0
7.59219,0,0,0
5.8372,0,0,0
1.43057,0,0,0
60,0,0,0
10.5039,0,0,0
60,0,0,0
60,0,0,0
1.01176,0,0,0
4.79102,0,0,0
60,0,0,0
60,0,0,0
9.06781,0,0,0
60,0,0,0
60,0,0,0
8.72886,0,0,0
3.58096,0,0,0
3.66065,0,0,0
60,0,0,0
0.112504,0,0,0
60,0,0,0
1.93504,0,0,0
60,0,0,0
60,0,0,0
60,0,0,0
8.50352,0,0,0
60,0,0,0
0.807704,0,0,0
4.40606,0,0,0
60,0,0,0
1.54111,0,0,0
4.04394,0,0,0
60,0,0,0
3.60416,0,0,0
60,0,0,0
60,0,0,0
60,0,0,0
60,0,0,0
60,0,0,0
60,0,0,0
9.97924,0,0,0
1.18408,0,0,0
11.1066,0,0,0
7.4235,0,0,0
10.1787,0,0,0
1.76788,0,0,0
60,0,0,0
9.94591,0,0,0
60,0,0,0
60,0,0,0
1.57455,0,0,0
60,0,0,0
4.93017,0,0,0
60,0,0,0
60,0,0,0
10.3681,0,0,0
1.36843,0,0,0
0.529892,0,0,0
60,0,0,0
2.36181,0,0,0
60,0,0,0
5.97304,0,0,0
10.7831,0,0,0
3.53594,0,0,0
2.99779,0,0,0
3.96393,0,0,0
60,0,0,0
0.731348,0,0,0
10.7639,0,0,0
60,0,0,0
60,0,0,0
0.830171,0,0,0
9.09653,0,0,0
14.422,0,0,0
60,0,0,0
11.3572,0,0,0
10.5032,0,0,0
11.12,0,0,0
1.70829,0,0,0
3.66654,0,0,0
3.3127,0,0,0
60,0,0,0
60,0,0,0
8.08241,0,0,0
60,0,0,0
3.12531,0,0,0
10.9809,0,0,0
6.84864,0,0,0
60,0,0,0
10.441,0,0,0
1.28423,0,0,0
60,0,0,0
10.7439,0,0,0
60,0,0,0
60,0,0,0
50.3675,0,0,0
60,0,0,0
1.15831,0,0,0
60,0,0,0
0.597924,0,0,0
5.92747,0,0,0
60,0,0,0
9.66254,0,0,0
3.87025,0,0,0
60,0,0,0
60,0,0,0
1.75929,0,0,0
7.04166,0,0,0
60,0,0,0
0.793844,0,0,0
60,0,0,0
60,0,0,0
60,0,0,0
4.12589,0,0,0
60,0,0,0
60,0,0,0
3.79984,0,0,0
60,0,0,0
7.59038,0,0,0
60,0,0,0
8.8861,0,0,0
10.6741,0,0,0
60,0,0,0
10.7853,0,0,0
60,0,0,0
11.3192,0,0,0
60,0,0,0
6.39057,0,0,0
3.81337,0,0,0
60,0,0,0
60,0,0,0
5.95663,0,0,0
60,0,0,0
60,0,0,0
60,0,0,0
0.383611,0,0,0
1.18091,0,0,0
10.8714,0,0,0
3.10622,0,0,0
10.8174,0,0,0
60,0,0,0
60,0,0,0
8.71579,0,0,0
0.932512,0,0,0
7.33259,0,0,0
9.24721,0,0,0
1.30018,0,0,0
60,0,0,0
6.51439,0,0,0
60,0,0,0
60,0,0,0
60,0,0,0
2.88853,0,0,0
60,0,0,0
60,0,0,0
5.3416,0,0,0
10.1708,0,0,0
1.33991,0,0,0
60,0,0,0
60,0,0,0
5.6496,0,0,0
60,0,0,0
10.0356,0,0,0
2.32537,0,0,0
8.48688,0,0,0
2.11153,0,0,0
10.1492,0,0,0
2.4984,0,0,0
0.821587,0,0,0
2.42309,0,0,0
7.21203,0,0,0
60,0,0,0
8.34941,0,0,0
9.6209,0,0,0
10.5194,0,0,0
11.0498,0,0,0
60,0,0,0
0.133522,0,0,0
60,0,0,0
9.96699,0,0,0
10.748,0,0,0
60,0,0,0
0.143717,0,0,0
8.87079,0,0,0
0.140098,0,0,0
60,0,0,0
8.91231,0,0,0
9.92998,0,0,0
60,0,0,0
60,0,0,0
60,0,0,0
1.24503,0,0,0
60,0,0,0
9.59091,0,0,0
10.5379,0,0,0
60,0,0,0
60,0,0,0
60,0,0,0
60,0,0,0
60,0,0,0
11.0007,0,0,0
5.0486,0,0,0
9.88157,0,0,0
1.24524,0,0,0
10.422,0,0,0
58.2795,0,0,0
60,0,0,0
60,0,0,0
60,0,0,0
60,0,0,0
60,0,0,0
60,0,0,0
6.16297,0,0,0
60,0,0,0
60,0,0,0
10.9402,0,0,0
60,0,0,0
60,0,0,0
60,0,0,0
60,0,0,0
60,0,0,0
0.648493,0,0,0
4.90442,0,0,0
60,0,0,0
6.983,0,0,0
10.2794,0,0,0
60,0,0,0
60,0,0,0
60,0,0,0
8.0353,0,0,0
0.263703,0,0,0
60,0,0,0
60,0,0,0
60,0,0,0
0.427025,0,0,0
9.33809,0,0,0
60,0,0,0
60,0,0,0
0.137404,0,0,0
10.2849,0,0,0
60,0,0,0
60,0,0,0
60,0,0,0
8.15562,0,0,0
60,0,0,0
60,0,0,0
60,0,0,0
60,0,0,0
60,0,0,0
9.60171,0,0,0
6.74425,0,0,0
60,0,0,0
60,0,0,0
4.13161,0,0,0
7.72227,0,0,0
4.08134,0,0,0
11.1945,0,0,0
60,0,0,0
60,0,0,0
60,0,0,0
2.87101,0,0,0
60,0,0,0
60,0,0,0
60,0,0,0
56.8372,0,0,0
60,0,0,0
60,0,0,0
60,0,0,0
60,0,0,0
60,0,0,0
60,0,0,0
5.2959,0,0,0
8.85306,0,0,0
9.67008,0,0,0
60,0,0,0
3.99592,0,0,0
60,0,0,0
19.8339,0,0,0
0.892431,0,0,0
60,0,0,0
60,0,0,0
4.41876,0,0,0
4.01221,0,0,0
60,0,0,0
60,0,0,0
9.25636,0,0,0
0.402555,0,0,0
2.95638,0,0,0
60,0,0,0
60,0,0,0
9.30341,0,0,0
4.00611,0,0,0
2.28692,0,0,0
7.7724,0,0,0
60,0,0,0
8.03463,0,0,0
3.09202,0,0,0
60,0,0,0
3.04327,0,0,0
60,0,0,0
10.7383,0,0,0
5.09437,0,0,0
0.625057,0,0,0
5.86341,0,0,0
10.6418,0,0,0
60,0,0,0
10.6735,0,0,0
60,0,0,0
5.50468,0,0,0
60,0,0,0
10.1349,0,0,0
60,0,0,0
60,0,0,0
11.2452,0,0,0
60,0,0,0
5.45687,0,0,0
2.73648,0,0,0
60,0,0,0
6.48132,0,0,0
60,0,0,0
10.4477,0,0,0
9.98222,0,0,0
60,0,0,0
3.3368,0,0,0
60,0,0,0
0.864864,0,0,0
0.262618,0,0,0
3.72037,0,0,0
4.00885,0,0,0
2.43962,0,0,0
6.1417,0,0,0
3.44113,0,0,0
5.48893,0,0,0
10.5005,0,0,0
60,0,0,0
1.12657,0,0,0
10.715,0,0,0
0.8002,0,0,0
60,0,0,0
6.27897,0,0,0
60,0,0,0
60,0,0,0
1.65446,0,0,0
60,0,0,0
60,0,0,0
8.34757,0,0,0
60,0,0,0
60,0,0,0
60,0,0,0
7.28432,0,0,0
0.366436,0,0,0
60,0,0,0
10.4943,0,0,0
5.12957,0,0,0
5.99638,0,0,0
0.855026,0,0,0
9.3994,0,0,0
8.81842,0,0,0
1.85715,0,0,0
60,0,0,0
3.81658,0,0,0
10.876,0,0,0
60,0,0,0
60,0,0,0
15.5876,0,0,0
10.8112,0,0,0
60,0,0,0
3.28958,0,0,0
0.13475,0,0,0
3.28588,0,0,0
60,0,0,0
1.59935,0,0,0
60,0,0,0
5.86477,0,0,0
60,0,0,0
4.99174,0,0,0
9.82992,0,0,0
4.33157,0,0,0
9.90579,0,0,0
60,0,0,0
60,0,0,0
11.1554,0,0,0
10.1438,0,0,0
60,0,0,0
60,0,0,0
8.27089,0,0,0
60,0,0,0
60,0,0,0
60,0,0,0
0.466558,0,0,0
6.18256,0,0,0
5.69103,0,0,0
60,0,0,0
2.95649,0,0,0
60,0,0,0
60,0,0,0
7.20423,0,0,0
1.87965,0,0,0
8.45029,0,0,0
5.60548,0,0,0
4.92012,0,0,0
2.04813,0,0,0
6.78496,0,0,0
60,0,0,0
4.94733,0,0,0
6.13775,0,0,0
60,0,0,0
5.56144,0,0,0
10.4016,0,0,0
60,0,0,0
10.019,0,0,0
60,0,0,0
11.1169,0,0,0
8.86496,0,0,0
60,0,0,0
6.36946,0,0,0
9.86938,0,0,0
60,0,0,0
11.0313,0,0,0
1.20049,0,0,0
60,0,0,0
60,0,0,0
5.87264,0,0,0
60,0,0,0
9.33347,0,0,0
60,0,0,0
60,0,0,0
60,0,0,0
60,0,0,0
10.8904,0,0,0
60,0,0,0
3.54249,0,0,0
3.86872,0,0,0
60,0,0,0
60,0,0,0
2.72208,0,0,0
60,0,0,0
60,0,0,0
7.63006,0,0,0
10.5262,0,0,0
60,0,0,0
60,0,0,0
60,0,0,0
1.00083,0,0,0
10.833,0,0,0
6.75105,0,0,0
8.25894,0,0,0
1.57748,0,0,0
60,0,0,0
60,0,0,0
60,0,0,0
0.848195,0,0,0
1.89679,0,0,0
60,0,0,0
60,0,0,0
9.76677,0,0,0
8.27037,0,0,0
60,0,0,0
7.01657,0,0,0
60,0,0,0
60,0,0,0
5.10917,0,0,0
60,0,0,0
9.30022,0,0,0
10.8608,0,0,0
7.15567,0,0,0
60,0,0,0
60,0,0,0
60,0,0,0
1.11509,0,0,0
10.0125,0,0,0
60,0,0,0
2.6731,0,0,0
60,0,0,0
60,0,0,0
60,0,0,0
60,0,0,0
6.17138,0,0,0
1.65691,0,0,0
60,0,0,0
8.86646,0,0,0
60,0,0,0
60,0,0,0
60,0,0,0
5.23875,0,0,0
60,0,0,0
60,0,0,0
60,0,0,0
60,0,0,0
0.130977,0,0,0
60,0,0,0
7.52943,0,0,0
3.54052,0,0,0
11.4026,0,0,0
2.86399,0,0,0
5.85505,0,0,0
60,0,0,0
44.6914,0,0,0
0.434837,0,0,0
0.462245,0,0,0
2.46821,0,0,0
9.65015,0,0,0
7.27428,0,0,0
60,0,0,0
9.33847,0,0,0
60,0,0,0
1.46138,0,0,0
7.02964,0,0,0
5.55788,0,0,0
60,0,0,0
60,0,0,0
60,0,0,0
10.4619,0,0,0
60,0,0,0
60,0,0,0
3.77711,0,0,0
60,0,0,0
60,0,0,0
60,0,0,0
60,0,0,0
60,0,0,0
60,0,0,0
60,0,0,0
11.1744,0,0,0
60,0,0,0
3.41968,0,0,0
60,0,0,0
60,0,0,0
8.26353,0,0,0
60,0,0,0
60,0,0,0
60,0,0,0
10.5826,0,0,0
60,0,0,0
60,0,0,0
60,0,0,0
60,0,0,0
8.87012,0,0,0
10.5058,0,0,0
10.3309,0,0,0
3.02288,0,0,0
60,0,0,0
60,0,0,0
9.4355,0,0,0
1.7671,0,0,0
11.0905,0,0,0
2.82398,0,0,0
8.65527,0,0,0
60,0,0,0
0.256789,0,0,0
3.69643,0,0,0
60,0,0,0
60,0,0,0
60,0,0,0
3.57009,0,0,0
1.72454,0,0,0
8.61504,0,0,0
60,0,0,0
7.27033,0,0,0
60,0,0,0
60,0,0,0
10.571,0,0,0
60,0,0,0
60,0,0,0
10.2016,0,0,0
8.78314,0,0,0
60,0,0,0
60,0,0,0
60,0,0,0
8.71417,0,0,0
4.16737,0,0,0
60,0,0,0
60,0,0,0
5.79245,0,0,0
60,0,0,0
60,0,0,0
10.6584,0,0,0
0.794311,0,0,0
60,0,0,0
8.47615,0,0,0
4.27476,0,0,0
60,0,0,0
60,0,0,0
11.2611,0,0,0
60,0,0,0
60,0,0,0
1.03951,0,0,0
2.66022,0,0,0
60,0,0,0
3.78283,0,0,0
9.65284,0,0,0
60,0,0,0
60,0,0,0
60,0,0,0
60,0,0,0
2.06897,0,0,0
60,0,0,0
60,0,0,0
4.80213,0,0,0
60,0,0,0
60,0,0,0
1.63465,0,0,0
0.243619,0,0,0
60,0,0,0
5.0367,0,0,0
60,0,0,0
60,0,0,0
60,0,0,0
8.00622,0,0,0
7.35002,0,0,0
60,0,0,0
2.31038,0,0,0
60,0,0,0
5.90491,0,0,0
60,0,0,0
7.48697,0,0,0
60,0,0,0
60,0,0,0
0.164191,0,0,0
60,0,0,0
2.02824,0,0,0
60,0,0,0
11.1245,0,0,0
8.20704,0,0,0
6.45015,0,0,0
60,0,0,0
60,0,0,0
2.04455,0,0,0
7.54254,0,0,0
8.12534,0,0,0
1.40249,0,0,0
60,0,0,0
60,0,0,0
2.96612,0,0,0
5.29525,0,0,0
0.611612,0,0,0
60,0,0,0
60,0,0,0
60,0,0,0
8.57474,0,0,0
60,0,0,0
60,0,0,0
60,0,0,0
1.5254,0,0,0
7.31088,0,0,0
60,0,0,0
60,0,0,0
60,0,0,0
60,0,0,0
1.81359,0,0,0
4.3832,0,0,0
0.22937,0,0,0
60,0,0,0
60,0,0,0
2.23723,0,0,0
1.36074,0,0,0
60,0,0,0
0.864401,0,0,0
8.26247,0,0,0
60,0,0,0
8.4247,0,0,0
8.17425,0,0,0
60,0,0,0
60,0,0,0
60,0,0,0
4.38506,0,0,0
60,0,0,0
9.10658,0,0,0
2.03864,0,0,0
60,0,0,0
5.65185,0,0,0
60,0,0,0
2.64995,0,0,0
6.85993,0,0,0
5.9722,0,0,0
4.93567,0,0,0
9.18183,0,0,0
10.1198,0,0,0
60,0,0,0
54.7456,0,0,0
60,0,0,0
60,0,0,0
10.7101,0,0,0
0.119533,0,0,0
60,0,0,0
60,0,0,0
1.57055,0,0,0
60,0,0,0
6.48273,0,0,0
60,0,0,0
60,0,0,0
60,0,0,0
60,0,0,0
60,0,0,0
2.54541,0,0,0
11.1634,0,0,0
1.86756,0,0,0
4.51859,0,0,0
60,0,0,0
8.13392,0,0,0
8.18663,0,0,0
16.7996,0,0,0
7.76599,0,0,0
9.56213,0,0,0
10.8718,0,0,0
15.5096,0,0,0
8.6514,0,0,0
9.00082,0,0,0
60,0,0,0
7.62004,0,0,0
60,0,0,0
0.86567,0,0,0
60,0,0,0
0.820191,0,0,0
4.37014,0,0,0
10.0497,0,0,0
5.92421,0,0,0
60,0,0,0
10.9961,0,0,0
60,0,0,0
5.82963,0,0,0
10.9495,0,0,0
7.79735,0,0,0
9.17279,0,0,0
0.623746,0,0,0
60,0,0,0
8.03196,0,0,0
0.485478,0,0,0
60,0,0,0
60,0,0,0
9.51114,0,0,0
9.32384,0,0,0
60,0,0,0
5.5081,0,0,0
10.524,0,0,0
9.20297,0,0,0
60,0,0,0
60,0,0,0
60,0,0,0
0.416017,0,0,0
7.58245,0,0,0
60,0,0,0
0.839532,0,0,0
60,0,0,0
60,0,0,0
60,0,0,0
60,0,0,0
3.48349,0,0,0
60,0,0,0
60,0,0,0
60,0,0,0
5.91408,0,0,0
12.675,0,0,0
5.55856,0,0,0
60,0,0,0
4.82456,0,0,0
60,0,0,0
7.46594,0,0,0
60,0,0,0
3.17777,0,0,0
60,0,0,0
3.82335,0,0,0
7.15929,0,0,0
60,0,0,0
4.9235,0,0,0
8.9371,0,0,0
11.1049,0,0,0
0.18716,0,0,0
0.892193,0,0,0
10.6227,0,0,0
9.54486,0,0,0
6.19434,0,0,0
0.578541,0,0,0
60,0,0,0
60,0,0,0
6.51083,0,0,0
60,0,0,0
0.877891,0,0,0
60,0,0,0
60,0,0,0
60,0,0,0
7.77504,0,0,0
1.3368,0,0,0
60,0,0,0
4.47879,0,0,0
6.66375,0,0,0
6.41539,0,0,0
0.744436,0,0,0
1.9499,0,0,0
0.262621,0,0,0
60,0,0,0
60,0,0,0
2.90593,0,0,0
1.46393,0,0,0
3.46022,0,0,0
60,0,0,0
2.10503,0,0,0
10.0399,0,0,0
8.96488,0,0,0
60,0,0,0
9.15218,0,0,0
10.5881,0,0,0
60,0,0,0
60,0,0,0
1.57843,0,0,0
60,0,0,0
60,0,0,0
2.05307,0,0,0
9.26882,0,0,0
60,0,0,0
60,0,0,0
60,0,0,0
8.58763,0,0,0
9.15862,0,0,0
10.9267,0,0,0
60,0,0,0
60,0,0,0
7.83185,0,0,0
0.885271,0,0,0
60,0,0,0
0.189936,0,0,0
3.79468,0,0,0
0.235195,0,0,0
60,0,0,0
60,0,0,0
60,0,0,0
60,0,0,0
60,0,0,0
8.05465,0,0,0
60,0,0,0
60,0,0,0
60,0,0,0
0.654045,0,0,0
60,0,0,0
3.39191,0,0,0
10.9007,0,0,0
1.73672,0,0,0
2.12485,0,0,0
7.06872,0,0,0
60,0,0,0
2.88121,0,0,0
60,0,0,0
2.15141,0,0,0
0.162856,0,0,0
7.89936,0,0,0
5.29413,0,0,0
60,0,0,0
8.6158,0,0,0
60,0,0,0
60,0,0,0
4.64128,0,0,0
10.5434,0,0,0
60,0,0,0
60,0,0,0
60,0,0,0
9.83063,0,0,0
4.3779,0,0,0
60,0,0,0
4.7137,0,0,0
5.1916,0,0,0
5.3545,0,0,0
60,0,0,0
60,0,0,0
0.605948,0,0,0
9.5417,0,0,0
8.67009,0,0,0
60,0,0,0
60,0,0,0
60,0,0,0
60,0,0,0
60,0,0,0
60,0,0,0
2.42709,0,0,0
60,0,0,0
8.77481,0,0,0
8.92947,0,0,0
2.91443,0,0,0
7.45659,0,0,0
60,0,0,0
60,0,0,0
60,0,0,0
60,0,0,0
1.45992,0,0,0
60,0,0,0
3.20856,0,0,0
60,0,0,0
60,0,0,0
60,0,0,0
60,0,0,0
3.42596,0,0,0
5.24301,0,0,0
0.948847,0,0,0
10.9566,0,0,0
0.381758,0,0,0
60,0,0,0
60,0,0,0
60,0,0,0
0.428165,0,0,0
60,0,0,0
60,0,0,0
60,0,0,0
10.7349,0,0,0
3.72359,0,0,0
60,0,0,0
1.37631,0,0,0
60,0,0,0
5.82522,0,0,0
60,0,0,0
10.5412,0,0,0
60,0,0,0
60,0,0,0
3.84777,0,0,0
2.98585,0,0,0
60,0,0,0
60,0,0,0
9.75386,0,0,0
60,0,0,0
60,0,0,0
60,0,0,0
7.43437,0,0,0
60,0,0,0
10.725,0,0,0
60,0,0,0
9.3029,0,0,0
60,0,0,0
60,0,0,0
60,0,0,0
2.29973,0,0,0
60,0,0,0
11.3417,0,0,0
2.0869,0,0,0
2.60199,0,0,0
7.73499,0,0,0
60,0,0,0
60,0,0,0
7.53064,0,0,0
7.3266,0,0,0
1.48825,0,0,0
60,0,0,0
60,0,0,0
1.85611,0,0,0
60,0,0,0
60,0,0,0
0.96888,0,0,0
60,0,0,0
60,0,0,0
4.79949,0,0,0
60,0,0,0
60,0,0,0
4.51773,0,0,0
4.54467,0,0,0
60,0,0,0
60,0,0,0
10.8486,0,0,0
0.706395,0,0,0
7.05593,0,0,0
60,0,0,0
6.5608,0,0,0
9.27677,0,0,0
60,0,0,0
2.29378,0,0,0
2.60876,0,0,0
60,0,0,0
5.10667,0,0,0
2.6776,0,0,0
60,0,0,0
60,0,0,0
60,0,0,0
60,0,0,0
3.53268,0,0,0
60,0,0,0
7.5357,0,0,0
60,0,0,0
0.686386,0,0,0
0.452851,0,0,0
60,0,0,0
8.12217,0,0,0
3.87302,0,0,0
60,0,0,0
6.54925,0,0,0
11.2364,0,0,0
60,0,0,0
0.533815,0,0,0
0.479331,0,0,0
60,0,0,0
4.79367,0,0,0
60,0,0,0
10.8508,0,0,0
60,0,0,0
60,0,0,0
60,0,0,0
5.66609,0,0,0
9.66128,0,0,0
3.70116,0,0,0
60,0,0,0
9.58756,0,0,0
0.724628,0,0,0
13.3233,0,0,0
60,0,0,0
60,0,0,0
60,0,0,0
60,0,0,0
60,0,0,0
6.98877,0,0,0
0.942905,0,0,0
9.83971,0,0,0
60,0,0,0
60,0,0,0
60,0,0,0
60,0,0,0
60,0,0,0
11.2401,0,0,0
60,0,0,0
8.43617,0,0,0
60,0,0,0
60,0,0,0
60,0,0,0
11.0857,0,0,0
60,0,0,0
60,0,0,0
60,0,0,0
60,0,0,0
0.236548,0,0,0
60,0,0,0
10.0696,0,0,0
60,0,0,0
60,0,0,0
5.51177,0,0,0
60,0,0,0
9.90189,0,0,0
1.82854,0,0,0
10.8546,0,0,0
8.53371,0,0,0
0.729675,0,0,0
60,0,0,0
60,0,0,0
60,0,0,0
60,0,0,0
5.65488,0,0,0
60,0,0,0
6.40015,0,0,0
6.60142,0,0,0
60,0,0,0
60,0,0,0
2.52932,0,0,0
60,0,0,0
60,0,0,0
3.12162,0,0,0
28.0759,0,0,0
60,0,0,0
60,0,0,0
8.74667,0,0,0
60,0,0,0
60,0,0,0
60,0,0,0
60,0,0,0
60,0,0,0
11.0143,0,0,0
60,0,0,0
7.78184,0,0,0
60,0,0,0
60,0,0,0
60,0,0,0
60,0,0,0
60,0,0,0
2.00755,0,0,0
10.7029,0,0,0
60,0,0,0
60,0,0,0
60,0,0,0
60,0,0,0
9.52051,0,0,0
60,0,0,0
2.28518,0,0,0
60,0,0,0
8.75019,0,0,0
60,0,0,0
5.38999,0,0,0
5.88349,0,0,0
60,0,0,0
5.24743,0,0,0
60,0,0,0
60,0,0,0
9.25537,0,0,0
27.5832,0,0,0
60,0,0,0
60,0,0,0
60,0,0,0
60,0,0,0
0.111094,0,0,0
60,0,0,0
8.11248,0,0,0
1.90109,0,0,0
60,0,0,0
60,0,0,0
60,0,0,0
60,0,0,0
60,0,0,0
60,0,0,0
1.57896,0,0,0
60,0,0,0
6.84419,0,0,0
60,0,0,0
60,0,0,0
60,0,0,0
60,0,0,0
10.8027,0,0,0
6.28978,0,0,0
1.92293,0,0,0
7.16026,0,0,0
3.59711,0,0,0
60,0,0,0
1.9064,0,0,0
60,0,0,0
7.19696,0,0,0
60,0,0,0
60,0,0,0
60,0,0,0
60,0,0,0
10.9682,0,0,0
60,0,0,0
2.96563,0,0,0
60,0,0,0
3.32054,0,0,0
60,0,0,0
60,0,0,0
3.22682,0,0,0
9.03784,0,0,0
60,0,0,0
60,0,0,0
60,0,0,0
60,0,0,0
60,0,0,0
10.6847,0,0,0
60,0,0,0
60,0,0,0
7.39108,0,0,0
1.5791,0,0,0
9.57574,0,0,0
10.5118,0,0,0
10.722,0,0,0
60,0,0,0
5.69324,0,0,0
1.33876,0,0,0
60,0,0,0
5.62177,0,0,0
60,0,0,0
60,0,0,0
60,0,0,0
15.8094,0,0,0
60,0,0,0
8.39856,0,0,0
60,0,0,0
60,0,0,0
60,0,0,0
7.87493,0,0,0
2.13977,0,0,0
0.640318,0,0,0
60,0,0,0
60,0,0,0
0.692738,0,0,0
60,0,0,0
8.4988,0,0,0
60,0,0,0
60,0,0,0
60,0,0,0
2.69891,0,0,0
60,0,0,0
60,0,0,0
60,0,0,0
60,0,0,0
4.65005,0,0,0
8.85471,0,0,0
60,0,0,0
60,0,0,0
60,0,0,0
60,0,0,0
3.36701,0,0,0
60,0,0,0
60,0,0,0
9.53018,0,0,0
60,0,0,0
6.99273,0,0,0
60,0,0,0
0.364843,0,0,0
60,0,0,0
60,0,0,0
60,0,0,0
60,0,0,0
4.21447,0,0,0
11.0723,0,0,0
0.847657,0,0,0
60,0,0,0
8.96806,0,0,0
60,0,0,0
60,0,0,0
5.80893,0,0,0
7.82012,0,0,0
60,0,0,0
2.14444,0,0,0
0.223022,0,0,0
8.50741,0,0,0
5.82863,0,0,0
60,0,0,0
10.8239,0,0,0
7.0754,0,0,0
4.00759,0,0,0
60,0,0,0
60,0,0,0
60,0,0,0
60,0,0,0
22.0418,0,0,0
5.40937,0,0,0
60,0,0,0
10.8653,0,0,0
8.36982,0,0,0
60,0,0,0
1.02977,0,0,0
60,0,0,0
2.02599,0,0,0
10.4048,0,0,0
60,0,0,0
60,0,0,0
60,0,0,0
9.02317,0,0,0
60,0,0,0
7.29984,0,0,0
8.22143,0,0,0
10.6219,0,0,0
11.2235,0,0,0
7.59871,0,0,0
60,0,0,0
60,0,0,0
6.75472,0,0,0
8.12764,0,0,0
10.3698,0,0,0
0.491932,0,0,0
60,0,0,0
1.46062,0,0,0
59.5162,0,0,0
60,0,0,0
0.834603,0,0,0
7.78702,0,0,0
2.67901,0,0,0
60,0,0,0
5.263,0,0,0
60,0,0,0
0.146273,0,0,0
2.52467,0,0,0
60,0,0,0
60,0,0,0
8.05134,0,0,0
8.92848,0,0,0
2.85881,0,0,0
60,0,0,0
9.56267,0,0,0
60,0,0,0
10.7977,0,0,0
60,0,0,0
60,0,0,0
1.16769,0,0,0
10.3883,0,0,0
0.131191,0,0,0
4.2595,0,0,0
0.395726,0,0,0
60,0,0,0
7.61411,0,0,0
2.63451,0,0,0
60,0,0,0
60,0,0,0
1.36409,0,0,0
60,0,0,0
60,0,0,0
60,0,0,0
10.2531,0,0,0
11.0911,0,0,0
7.11666,0,0,0
9.38776,0,0,0
60,0,0,0
60,0,0,0
60,0,0,0
60,0,0,0
8.33153,0,0,0
4.63203,0,0,0
60,0,0,0
0.77479,0,0,0
60,0,0,0
2.15025,0,0,0
10.0289,0,0,0
60,0,0,0
8.98823,0,0,0
3.3407,0,0,0
60,0,0,0
5.77928,0,0,0
60,0,0,0
60,0,0,0
60,0,0,0
60,0,0,0
8.51175,0,0,0
9.45747,0,0,0
6.4955,0,0,0
60,0,0,0
60,0,0,0
10.971,0,0,0
60,0,0,0
60,0,0,0
60,0,0,0
60,0,0,0
60,0,0,0
4.36688,0,0,0
3.94927,0,0,0
60,0,0,0
60,0,0,0
60,0,0,0
60,0,0,0
4.92965,0,0,0
8.58581,0,0,0
60,0,0,0
58.0899,0,0,0
60,0,0,0
11.0557,0,0,0
7.10674,0,0,0
5.29745,0,0,0
2.26427,0,0,0
1.30785,0,0,0
60,0,0,0
60,0,0,0
60,0,0,0
60,0,0,0
60,0,0,0
1.16453,0,0,0
6.4368,0,0,0
7.26843,0,0,0
60,0,0,0
10.5388,0,0,0
60,0,0,0
60,0,0,0
60,0,0,0
60,0,0,0
2.0895,0,0,0
60,0,0,0
60,0,0,0
60,0,0,0
10.8668,0,0,0
8.0771,0,0,0
60,0,0,0
60,0,0,0
60,0,0,0
60,0,0,0
60,0,0,0
10.4406,0,0,0
60,0,0,0
10.1757,0,0,0
60,0,0,0
0.79089,0,0,0
0.137236,0,0,0
60,0,0,0
6.03263,0,0,0
60,0,0,0
60,0,0,0
60,0,0,0
8.04205,0,0,0
2.78491,0,0,0
60,0,0,0
60,0,0,0
8.30139,0,0,0
4.25078,0,0,0
9.39013,0,0,0
11.3088,0,0,0
7.01118,0,0,0
60,0,0,0
10.9179,0,0,0
1.22994,0,0,0
60,0,0,0
60,0,0,0
8.05428,0,0,0
6.15774,0,0,0
10.8848,0,0,0
60,0,0,0
60,0,0,0
4.6062,0,0,0
5.47577,0,0,0
1.77612,0,0,0
10.7139,0,0,0
60,0,0,0
60,0,0,0
10.0822,0,0,0
6.25734,0,0,0
60,0,0,0
5.89664,0,0,0
60,0,0,0
60,0,0,0
60,0,0,0
0.488471,0,0,0
1.73128,0,0,0
60,0,0,0
58.2795,0,0,0
60,0,0,0
6.77212,0,0,0
60,0,0,0
9.07815,0,0,0
9.92273,0,0,0
60,0,0,0
6.73637,0,0,0
10.9706,0,0,0
9.83007,0,0,0
2.10821,0,0,0
10.3908,0,0,0
6.34248,0,0,0
0.74664,0,0,0
60,0,0,0
60,0,0,0
0.346832,0,0,0
60,0,0,0
11.1569,0,0,0
1.8039,0,0,0
9.89668,0,0,0
60,0,0,0
0.485163,0,0,0
60,0,0,0
5.56586,0,0,0
1.66719,0,0,0
9.75314,0,0,0
5.3154,0,0,0
9.21787,0,0,0
0.241627,0,0,0
60,0,0,0
0.444112,0,0,0
60,0,0,0
60,0,0,0
0.854821,0,0,0
60,0,0,0
60,0,0,0
60,0,0,0
60,0,0,0
4.04979,0,0,0
6.71521,0,0,0
60,0,0,0
60,0,0,0
60,0,0,0
8.11069,0,0,0
2.05152,0,0,0
60,0,0,0
60,0,0,0
11.0549,0,0,0
4.0171,0,0,0
10.704,0,0,0
10.7641,0,0,0
60,0,0,0
3.9629,0,0,0
9.4676,0,0,0
60,0,0,0
60,0,0,0
3.4495,0,0,0
2.73439,0,0,0
1.20959,0,0,0
10.7493,0,0,0
60,0,0,0
0.243227,0,0,0
5.05855,0,0,0
60,0,0,0
7.50524,0,0,0
60,0,0,0
7.28888,0,0,0
11.0509,0,0,0
60,0,0,0
60,0,0,0
8.61468,0,0,0
60,0,0,0
60,0,0,0
60,0,0,0
5.8806,0,0,0
60,0,0,0
11.0341,0,0,0
1.52571,0,0,0
60,0,0,0
2.69371,0,0,0
8.40258,0,0,0
2.22556,0,0,0
60,0,0,0
8.00379,0,0,0
60,0,0,0
0.70591,0,0,0
9.51908,0,0,0
1.26361,0,0,0
3.23119,0,0,0
1.77888,0,0,0
11.0906,0,0,0
3.85044,0,0,0
60,0,0,0
60,0,0,0
9.89638,0,0,0
60,0,0,0
60,0,0,0
0.22895,0,0,0
8.00198,0,0,0
7.63941,0,0,0
60,0,0,0
3.20464,0,0,0
60,0,0,0
60,0,0,0
9.6808,0,0,0
60,0,0,0
60,0,0,0
60,0,0,0
1.6158,0,0,0
60,0,0,0
8.17204,0,0,0
60,0,0,0
60,0,0,0
3.13045,0,0,0
60,0,0,0
1.36477,0,0,0
11.0082,0,0,0
0.193705,0,0,0
60,0,0,0
2.57175,0,0,0
60,0,0,0
60,0,0,0
60,0,0,0
0.38352,0,0,0
60,0,0,0
9.9987,0,0,0
0.848211,0,0,0
10.6671,0,0,0
2.41983,0,0,0
3.84191,0,0,0
1.61935,0,0,0
1.11813,0,0,0
7.67689,0,0,0
60,0,0,0
4.9813,0,0,0
8.46828,0,0,0
0.615927,0,0,0
60,0,0,0
6.79925,0,0,0
60,0,0,0
60,0,0,0
60,0,0,0
4.14408,0,0,0
60,0,0,0
8.70051,0,0,0
10.2322,0,0,0
1.23999,0,0,0
10.1741,0,0,0
60,0,0,0
60,0,0,0
11.1882,0,0,0
8.52734,0,0,0
5.73816,0,0,0
60,0,0,0
60,0,0,0
8.57599,0,0,0
60,0,0,0
60,0,0,0
60,0,0,0
60,0,0,0
60,0,0,0
0.611198,0,0,0
60,0,0,0
6.02901,0,0,0
60,0,0,0
10.5042,0,0,0
5.77767,0,0,0
2.3216,0,0,0
4.64373,0,0,0
10.6654,0,0,0
3.75226,0,0,0
60,0,0,0
5.69358,0,0,0
60,0,0,0
1.385,0,0,0
3.24768,0,0,0
60,0,0,0
60,0,0,0
10.9473,0,0,0
60,0,0,0
10.0889,0,0,0
28.4689,0,0,0
3.56844,0,0,0
2.80553,0,0,0
2.12813,0,0,0
60,0,0,0
6.13171,0,0,0
60,0,0,0
60,0,0,0
60,0,0,0
8.14586,0,0,0
5.011,0,0,0
60,0,0,0
5.75593,0,0,0
10.4794,0,0,0
60,0,0,0
60,0,0,0
2.45632,0,0,0
60,0,0,0
5.94292,0,0,0
60,0,0,0
2.98183,0,0,0
60,0,0,0
60,0,0,0
4.23847,0,0,0
0.681174,0,0,0
60,0,0,0
60,0,0,0
11.3303,0,0,0
2.62664,0,0,0
2.09775,0,0,0
60,0,0,0
4.70188,0,0,0
9.74779,0,0,0
60,0,0,0
60,0,0,0
60,0,0,0
11.3515,0,0,0
10.7857,0,0,0
3.20116,0,0,0
8.96009,0,0,0
60,0,0,0
60,0,0,0
60,0,0,0
4.5155,0,0,0
8.91673,0,0,0
10.437,0,0,0
60,0,0,0
5.23988,0,0,0
60,0,0,0
9.28044,0,0,0
60,0,0,0
11.0645,0,0,0
60,0,0,0
2.02571,0,0,0
2.35204,0,0,0
60,0,0,0
1.00723,0,0,0
60,0,0,0
1.21103,0,0,0
0.920587,0,0,0
60,0,0,0
2.35625,0,0,0
9.96248,0,0,0
60,0,0,0
60,0,0,0
60,0,0,0
60,0,0,0
60,0,0,0
60,0,0,0
60,0,0,0
7.38983,0,0,0
5.63378,0,0,0
60,0,0,0
60,0,0,0
60,0,0,0
60,0,0,0
60,0,0,0
8.35261,0,0,0
60,0,0,0
60,0,0,0
10.1661,0,0,0
5.69362,0,0,0
60,0,0,0
60,0,0,0
4.7691,0,0,0
60,0,0,0
0.879217,0,0,0
60,0,0,0
60,0,0,0
60,0,0,0
9.93792,0,0,0
60,0,0,0
11.3603,0,0,0
60,0,0,0
30.5807,0,0,0
9.88267,0,0,0
6.16451,0,0,0
9.08546,0,0,0
60,0,0,0
0.324072,0,0,0
60,0,0,0
60,0,0,0
11.3382,0,0,0
60,0,0,0
60,0,0,0
1.91427,0,0,0
60,0,0,0
60,0,0,0
2.08636,0,0,0
2.55366,0,0,0
60,0,0,0
10.1804,0,0,0
60,0,0,0
60,0,0,0
0.683339,0,0,0
7.55867,0,0,0
5.77706,0,0,0
10.7121,0,0,0
2.14757,0,0,0
7.96924,0,0,0
6.49695,0,0,0
7.97096,0,0,0
8.29643,0,0,0
10.5253,0,0,0
60,0,0,0
7.55489,0,0,0
1.80733,0,0,0
60,0,0,0
60,0,0,0
2.18568,0,0,0
3.66385,0,0,0
60,0,0,0
60,0,0,0
6.39128,0,0,0
0.644275,0,0,0
2.60393,0,0,0
60,0,0,0
1.34683,0,0,0
10.7251,0,0,0
60,0,0,0
8.25782,0,0,0
6.20757,0,0,0
10.8099,0,0,0
9.36623,0,0,0
60,0,0,0
3.28711,0,0,0
3.28588,0,0,0
9.59894,0,0,0
20.1655,0,0,0
60,0,0,0
7.77651,0,0,0
0.959689,0,0,0
60,0,0,0
60,0,0,0
1.50397,0,0,0
10.435,0,0,0
60,0,0,0
60,0,0,0
8.64964,0,0,0
4.57104,0,0,0
9.34951,0,0,0
8.72835,0,0,0
60,0,0,0
60,0,0,0
4.92938,0,0,0
7.85642,0,0,0
60,0,0,0
3.30605,0,0,0
60,0,0,0
60,0,0,0
60,0,0,0
8.56039,0,0,0
60,0,0,0
1.74413,0,0,0
3.85229,0,0,0
5.30066,0,0,0
60,0,0,0
8.26627,0,0,0
9.21642,0,0,0
10.7992,0,0,0
2.38197,0,0,0
60,0,0,0
60,0,0,0
7.48006,0,0,0
60,0,0,0
1.47916,0,0,0
60,0,0,0
9.08393,0,0,0
60,0,0,0
60,0,0,0
60,0,0,0
14.1818,0,0,0
60,0,0,0
10.6568,0,0,0
3.52416,0,0,0
1.67516,0,0,0
5.5612,0,0,0
60,0,0,0
60,0,0,0
60,0,0,0
6.82479,0,0,0
9.73465,0,0,0
1.56139,0,0,0
9.16893,0,0,0
60,0,0,0
15.749,0,0,0
7.79207,0,0,0
60,0,0,0
60,0,0,0
60,0,0,0
60,0,0,0
3.55383,0,0,0
60,0,0,0
60,0,0,0
1.13028,0,0,0
60,0,0,0
54.9643,0,0,0
60,0,0,0
60,0,0,0
0.642645,0,0,0
0.347353,0,0,0
60,0,0,0
60,0,0,0
60,0,0,0
1.54918,0,0,0
60,0,0,0
11.28,0,0,0
60,0,0,0
6.10998,0,0,0
10.2932,0,0,0
60,0,0,0
10.4581,0,0,0
10.8401,0,0,0
60,0,0,0
60,0,0,0
60,0,0,0
60,0,0,0
60,0,0,0
60,0,0,0
5.19429,0,0,0
60,0,0,0
60,0,0,0
7.20455,0,0,0
5.03386,0,0,0
60,0,0,0
5.89456,0,0,0
3.25805,0,0,0
60,0,0,0
60,0,0,0
60,0,0,0
2.14372,0,0,0
3.15735,0,0,0
2.88349,0,0,0
60,0,0,0
4.38295,0,0,0
60,0,0,0
3.53897,0,0,0
2.78984,0,0,0
2.53691,0,0,0
0.868839,0,0,0
60,0,0,0
43.0087,0,0,0
60,0,0,0
0.775543,0,0,0
60,0,0,0
60,0,0,0
60,0,0,0
60,0,0,0
2.63611,0,0,0
1.47618,0,0,0
3.58368,0,0,0
60,0,0,0
5.95847,0,0,0
0.378753,0,0,0
10.2718,0,0,0
60,0,0,0
60,0,0,0
60,0,0,0
60,0,0,0
4.16606,0,0,0
60,0,0,0
3.30126,0,0,0
9.80112,0,0,0
60,0,0,0
8.10455,0,0,0
60,0,0,0
60,0,0,0
5.32251,0,0,0
9.87968,0,0,0
6.03165,0,0,0
4.62711,0,0,0
10.3409,0,0,0
1.63807,0,0,0
6.79948,0,0,0
60,0,0,0
60,0,0,0
0.545538,0,0,0
11.0691,0,0,0
5.00767,0,0,0
6.70987,0,0,0
10.0062,0,0,0
60,0,0,0
6.31401,0,0,0
60,0,0,0
0.28078,0,0,0
60,0,0,0
2.99447,0,0,0
60,0,0,0
1.06844,0,0,0
60,0,0,0
10.6931,0,0,0
60,0,0,0
60,0,0,0
60,0,0,0
9.49137,0,0,0
0.990735,0,0,0
1.47435,0,0,0
60,0,0,0
60,0,0,0
60,0,0,0
11.1136,0,0,0
60,0,0,0
8.3256,0,0,0
60,0,0,0
5.8722,0,0,0
10.7613,0,0,0
9.75936,0,0,0
0.767724,0,0,0
60,0,0,0
1.11138,0,0,0
9.19725,0,0,0
3.82081,0,0,0
60,0,0,0
60,0,0,0
60,0,0,0
60,0,0,0
0.4889,0,0,0
0.255853,0,0,0
60,0,0,0
9.63228,0,0,0
60,0,0,0
60,0,0,0
60,0,0,0
60,0,0,0
8.85472,0,0,0
0.886191,0,0,0
0.505743,0,0,0
60,0,0,0
10.2394,0,0,0
60,0,0,0
4.4371,0,0,0
60,0,0,0
6.65884,0,0,0
60,0,0,0
6.59324,0,0,0
4.95472,0,0,0
10.6608,0,0,0
1.33539,0,0,0
60,0,0,0
8.63251,0,0,0
3.10417,0,0,0
60,0,0,0
60,0,0,0
60,0,0,0
60,0,0,0
1.77907,0,0,0
60,0,0,0
8.71267,0,0,0
0.3081,0,0,0
9.41516,0,0,0
10.642,0,0,0
8.28432,0,0,0
60,0,0,0
11.1819,0,0,0
0.779213,0,0,0
60,0,0,0
60,0,0,0
60,0,0,0
0.116349,0,0,0
11.3277,0,0,0
60,0,0,0
4.10844,0,0,0
60,0,0,0
4.14818,0,0,0
60,0,0,0
5.75553,0,0,0
60,0,0,0
60,0,0,0
11.2257,0,0,0
60,0,0,0
60,0,0,0
60,0,0,0
5.1375,0,0,0
5.57758,0,0,0
60,0,0,0
60,0,0,0
1.46142,0,0,0
60,0,0,0
4.62405,0,0,0
8.90373,0,0,0
1.4698,0,0,0
1.38893,0,0,0
0.211038,0,0,0
60,0,0,0
60,0,0,0
60,0,0,0
60,0,0,0
60,0,0,0
2.70963,0,0,0
60,0,0,0
9.88284,0,0,0
60,0,0,0
60,0,0,0
3.30482,0,0,0
60,0,0,0
7.97523,0,0,0
2.96157,0,0,0
0.585129,0,0,0
60,0,0,0
9.98535,0,0,0
2.47082,0,0,0
60,0,0,0
60,0,0,0
1.51466,0,0,0
60,0,0,0
11.0655,0,0,0
60,0,0,0
3.91205,0,0,0
1.5085,0,0,0
60,0,0,0
9.42851,0,0,0
10.8434,0,0,0
60,0,0,0
60,0,0,0
60,0,0,0
60,0,0,0
6.39094,0,0,0
11.3159,0,0,0
3.71595,0,0,0
1.12666,0,0,0
0.660009,0,0,0
6.83885,0,0,0
9.49618,0,0,0
60,0,0,0
60,0,0,0
60,0,0,0
60,0,0,0
60,0,0,0
60,0,0,0
1.83371,0,0,0
60,0,0,0
2.30911,0,0,0
10.218,0,0,0
2.54688,0,0,0
11.3904,0,0,0
60,0,0,0
60,0,0,0
1.19837,0,0,0
60,0,0,0
6.16833,0,0,0
1.04559,0,0,0
9.66037,0,0,0
60,0,0,0
9.75686,0,0,0
6.20406,0,0,0
60,0,0,0
60,0,0,0
60,0,0,0
60,0,0,0
0.181184,0,0,0
11.1493,0,0,0
60,0,0,0
4.7724,0,0,0
7.31439,0,0,0
1.02344,0,0,0
60,0,0,0
4.7913,0,0,0
11.2479,0,0,0
11.075,0,0,0
9.1448,0,0,0
60,0,0,0
3.0798,0,0,0
60,0,0,0
60,0,0,0
0.670911,0,0,0
60,0,0,0
6.74626,0,0,0
5.09075,0,0,0
60,0,0,0
60,0,0,0
60,0,0,0
2.21363,0,0,0
60,0,0,0
4.90417,0,0,0
11.2888,0,0,0
0.831609,0,0,0
9.10919,0,0,0
60,0,0,0
60,0,0,0
60,0,0,0
60,0,0,0
5.86937,0,0,0
60,0,0,0
6.73693,0,0,0
2.51724,0,0,0
60,0,0,0
60,0,0,0
3.86718,0,0,0
60,0,0,0
7.8929,0,0,0
3.7355,0,0,0
60,0,0,0
60,0,0,0
4.01486,0,0,0
60,0,0,0
60,0,0,0
2.31386,0,0,0
7.35738,0,0,0
11.2144,0,0,0
60,0,0,0
60,0,0,0
60,0,0,0
8.35927,0,0,0
60,0,0,0
60,0,0,0
60,0,0,0
2.41629,0,0,0
7.9189,0,0,0
1.93706,0,0,0
2.2613,0,0,0
60,0,0,0
60,0,0,0
9.93933,0,0,0
60,0,0,0
60,0,0,0
9.20985,0,0,0
4.80603,0,0,0
60,0,0,0
1.99795,0,0,0
60,0,0,0
10.8417,0,0,0
60,0,0,0
60,0,0,0
3.1559,0,0,0
60,0,0,0
60,0,0,0
2.76992,0,0,0
60,0,0,0
4.91114,0,0,0
60,0,0,0
60,0,0,0
11.1876,0,0,0
1.30899,0,0,0
60,0,0,0
60,0,0,0
60,0,0,0
60,0,0,0
60,0,0,0
10.9863,0,0,0
60,0,0,0
4.27155,0,0,0
60,0,0,0
60,0,0,0
4.88226,0,0,0
2.94851,0,0,0
60,0,0,0
10.7712,0,0,0
60,0,0,0
0.893314,0,0,0
60,0,0,0
60,0,0,0
60,0,0,0
60,0,0,0
9.78067,0,0,0
60,0,0,0
60,0,0,0
60,0,0,0
60,0,0,0
60,0,0,0
3.16422,0,0,0
6.41983,0,0,0
9.80466,0,0,0
60,0,0,0
60,0,0,0
60,0,0,0
5.84418,0,0,0
7.34271,0,0,0
10.9555,0,0,0
9.58324,0,0,0
60,0,0,0
60,0,0,0
60,0,0,0
60,0,0,0
60,0,0,0
10.4719,0,0,0
6.047,0,0,0
10.2818,0,0,0
60,0,0,0
5.77185,0,0,0
0.252058,0,0,0
60,0,0,0
8.57868,0,0,0
60,0,0,0
60,0,0,0
60,0,0,0
2.07373,0,0,0
9.33876,0,0,0
7.96445,0,0,0
11.0483,0,0,0
60,0,0,0
60,0,0,0
60,0,0,0
1.37345,0,0,0
60,0,0,0
5.06717,0,0,0
3.11916,0,0,0
60,0,0,0
60,0,0,0
60,0,0,0
60,0,0,0
3.14774,0,0,0
7.50709,0,0,0
2.85239,0,0,0
3.78575,0,0,0
60,0,0,0
6.61884,0,0,0
60,0,0,0
60,0,0,0
1.94584,0,0,0
60,0,0,0
1.30246,0,0,0
60,0,0,0
11.1099,0,0,0
4.15372,0,0,0
3.29896,0,0,0
60,0,0,0
10.3406,0,0,0
1.2961,0,0,0
1.9735,0,0,0
60,0,0,0
60,0,0,0
5.75624,0,0,0
5.1967,0,0,0
4.8097,0,0,0
9.99486,0,0,0
60,0,0,0
60,0,0,0
9.86257,0,0,0
3.7456,0,0,0
1.6759,0,0,0
60,0,0,0
1.67915,0,0,0
60,0,0,0
2.55325,0,0,0
4.46575,0,0,0
10.1619,0,0,0
2.79844,0,0,0
5.35929,0,0,0
60,0,0,0
60,0,0,0
3.91365,0,0,0
0.297964,0,0,0
0.521103,0,0,0
3.31901,0,0,0
10.7142,0,0,0
9.1593,0,0,0
8.25801,0,0,0
5.03068,0,0,0
4.63036,0,0,0
60,0,0,0
8.83675,0,0,0
4.90777,0,0,0
10.8649,0,0,0
3.61546,0,0,0
9.02212,0,0,0
60,0,0,0
3.83203,0,0,0
60,0,0,0
2.27537,0,0,0
4.02951,0,0,0
8.85916,0,0,0
60,0,0,0
60,0,0,0
7.38943,0,0,0
1.55487,0,0,0
9.71678,0,0,0
2.64531,0,0,0
9.79485,0,0,0
60,0,0,0
60,0,0,0
60,0,0,0
9.89959,0,0,0
60,0,0,0
6.91409,0,0,0
4.27134,0,0,0
6.69823,0,0,0
60,0,0,0
60,0,0,0
60,0,0,0
1.99243,0,0,0
60,0,0,0
0.66341,0,0,0
60,0,0,0
60,0,0,0
0.102094,0,0,0
2.62811,0,0,0
0.26401,0,0,0
2.21868,0,0,0
60,0,0,0
2.3183,0,0,0
60,0,0,0
60,0,0,0
3.21935,0,0,0
9.69826,0,0,0
60,0,0,0
60,0,0,0
7.64505,0,0,0
5.21111,0,0,0
4.24524,0,0,0
60,0,0,0
6.92223,0,0,0
9.56208,0,0,0
1.20284,0,0,0
0.429052,0,0,0
60,0,0,0
6.98191,0,0,0
60,0,0,0
4.21822,0,0,0
60,0,0,0
60,0,0,0
10.4664,0,0,0
60,0,0,0
60,0,0,0
60,0,0,0
8.16687,0,0,0
8.25338,0,0,0
3.67847,0,0,0
60,0,0,0
10.2518,0,0,0
10.9008,0,0,0
60,0,0,0
28.2621,0,0,0
60,0,0,0
2.65873,0,0,0
60,0,0,0
60,0,0,0
60,0,0,0
1.60735,0,0,0
1.52595,0,0,0
60,0,0,0
60,0,0,0
60,0,0,0
60,0,0,0
10.8528,0,0,0
60,0,0,0
60,0,0,0
13.6246,0,0,0
60,0,0,0
60,0,0,0
1.1966,0,0,0
60,0,0,0
60,0,0,0
60,0,0,0
60,0,0,0
10.0344,0,0,0
60,0,0,0
60,0,0,0
2.10803,0,0,0
60,0,0,0
1.26121,0,0,0
60,0,0,0
60,0,0,0
1.02944,0,0,0
60,0,0,0
3.89461,0,0,0
0.577537,0,0,0
60,0,0,0
60,0,0,0
60,0,0,0
6.981,0,0,0
60,0,0,0
0.894938,0,0,0
8.3879,0,0,0
60,0,0,0
6.91078,0,0,0
60,0,0,0
10.3984,0,0,0
60,0,0,0
60,0,0,0
60,0,0,0
1.85228,0,0,0
60,0,0,0
60,0,0,0
5.86566,0,0,0
60,0,0,0
60,0,0,0
60,0,0,0
4.87726,0,0,0
60,0,0,0
4.71034,0,0,0
2.88125,0,0,0
0.994603,0,0,0
60,0,0,0
6.56922,0,0,0
8.99146,0,0,0
5.38239,0,0,0
0.8627,0,0,0
60,0,0,0
60,0,0,0
60,0,0,0
15.5117,0,0,0
26.0274,0,0,0
10.3642,0,0,0
60,0,0,0
60,0,0,0
60,0,0,0
60,0,0,0
0.758836,0,0,0
2.25393,0,0,0
9.75314,0,0,0
60,0,0,0
10.0555,0,0,0
0.858973,0,0,0
60,0,0,0
60,0,0,0
60,0,0,0
8.25356,0,0,0
3.0918,0,0,0
3.44158,0,0,0
11.0136,0,0,0
60,0,0,0
60,0,0,0
60,0,0,0
8.17791,0,0,0
8.18937,0,0,0
60,0,0,0
5.1487,0,0,0
60,0,0,0
3.19688,0,0,0
60,0,0,0
10.1402,0,0,0
11.1896,0,0,0
60,0,0,0
0.205524,0,0,0
60,0,0,0
9.58544,0,0,0
11.2233,0,0,0
5.13246,0,0,0
4.26379,0,0,0
4.2303,0,0,0
9.07889,0,0,0
2.68229,0,0,0
3.17121,0,0,0
2.40294,0,0,0
7.17084,0,0,0
1.57814,0,0,0
60,0,0,0
60,0,0,0
8.50039,0,0,0
2.86315,0,0,0
15.2532,0,0,0
3.61919,0,0,0
60,0,0,0
60,0,0,0
1.99098,0,0,0
9.82505,0,0,0
60,0,0,0
6.65784,0,0,0
60,0,0,0
2.15633,0,0,0
15.2553,0,0,0
3.91983,0,0,0
60,0,0,0
8.37763,0,0,0
8.48396,0,0,0
2.04568,0,0,0
9.34535,0,0,0
8.04683,0,0,0
60,0,0,0
60,0,0,0
4.44129,0,0,0
60,0,0,0
5.25293,0,0,0
60,0,0,0
1.41629,0,0,0
60,0,0,0
60,0,0,0
8.70056,0,0,0
3.29135,0,0,0
6.61293,0,0,0
5.30544,0,0,0
2.50693,0,0,0
1.57434,0,0,0
60,0,0,0
2.76318,0,0,0
1.0344,0,0,0
60,0,0,0
60,0,0,0
7.09741,0,0,0
4.7149,0,0,0
60,0,0,0
60,0,0,0
1.88077,0,0,0
60,0,0,0
5.12297,0,0,0
4.55547,0,0,0
60,0,0,0
60,0,0,0
3.60592,0,0,0
60,0,0,0
60,0,0,0
60,0,0,0
10.5418,0,0,0
60,0,0,0
11.0937,0,0,0
60,0,0,0
60,0,0,0
60,0,0,0
7.6864,0,0,0
11.2284,0,0,0
60,0,0,0
60,0,0,0
0.348071,0,0,0
60,0,0,0
60,0,0,0
60,0,0,0
5.19652,0,0,0
5.98069,0,0,0
60,0,0,0
60,0,0,0
60,0,0,0
60,0,0,0
11.3293,0,0,0
60,0,0,0
7.63485,0,0,0
10.374,0,0,0
60,0,0,0
6.32207,0,0,0
60,0,0,0
2.29203,0,0,0
60,0,0,0
60,0,0,0
41.402,0,0,0
9.01857,0,0,0
60,0,0,0
11.3806,0,0,0
60,0,0,0
60,0,0,0
5.32964,0,0,0
60,0,0,0
10.8274,0,0,0
9.81755,0,0,0
60,0,0,0
10.732,0,0,0
60,0,0,0
3.53938,0,0,0
60,0,0,0
60,0,0,0
60,0,0,0
2.14996,0,0,0
7.39037,0,0,0
60,0,0,0
60,0,0,0
60,0,0,0
8.87413,0,0,0
3.54832,0,0,0
60,0,0,0
7.20003,0,0,0
60,0,0,0
6.82163,0,0,0
60,0,0,0
0.176647,0,0,0
60,0,0,0
10.7828,0,0,0
60,0,0,0
5.7705,0,0,0
2.18472,0,0,0
9.51928,0,0,0
2.16342,0,0,0
60,0,0,0
1.36344,0,0,0
60,0,0,0
60,0,0,0
9.46338,0,0,0
0.544046,0,0,0
60,0,0,0
5.0991,0,0,0
9.80771,0,0,0
60,0,0,0
60,0,0,0
60,0,0,0
7.99203,0,0,0
60,0,0,0
60,0,0,0
8.68914,0,0,0
1.6153,0,0,0
5.63298,0,0,0
8.86403,0,0,0
1.85103,0,0,0
0.154145,0,0,0
60,0,0,0
10.8255,0,0,0
1.66944,0,0,0
9.04975,0,0,0
60,0,0,0
41.5125,0,0,0
60,0,0,0
60,0,0,0
9.44591,0,0,0
60,0,0,0
11.2246,0,0,0
8.49073,0,0,0
60,0,0,0
4.34089,0,0,0
60,0,0,0
60,0,0,0
0.895112,0,0,0
2.31676,0,0,0
16.5736,0,0,0
60,0,0,0
60,0,0,0
7.49572,0,0,0
7.31218,0,0,0
60,0,0,0
60,0,0,0
60,0,0,0
2.03908,0,0,0
4.08804,0,0,0
0.822755,0,0,0
7.46714,0,0,0
60,0,0,0
9.64016,0,0,0
10.386,0,0,0
8.94512,0,0,0
11.2086,0,0,0
8.5873,0,0,0
9.64644,0,0,0
7.63926,0,0,0
4.40368,0,0,0
5.75179,0,0,0
60,0,0,0
60,0,0,0
2.44765,0,0,0
60,0,0,0
0.70069,0,0,0
60,0,0,0
9.4023,0,0,0
1.62942,0,0,0
60,0,0,0
3.74991,0,0,0
60,0,0,0
0.362603,0,0,0
60,0,0,0
0.184284,0,0,0
7.7039,0,0,0
60,0,0,0
60,0,0,0
60,0,0,0
60,0,0,0
60,0,0,0
11.2839,0,0,0
1.72639,0,0,0
8.78486,0,0,0
4.89354,0,0,0
2.44178,0,0,0
3.95776,0,0,0
5.59634,0,0,0
4.92135,0,0,0
3.51422,0,0,0
60,0,0,0
60,0,0,0
60,0,0,0
15.3609,0,0,0
0.119066,0,0,0
60,0,0,0
10.2321,0,0,0
60,0,0,0
4.2956,0,0,0
60,0,0,0
0.218568,0,0,0
7.94663,0,0,0
4.42263,0,0,0
0.715601,0,0,0
60,0,0,0
60,0,0,0
3.06847,0,0,0
60,0,0,0
0.833919,0,0,0
6.10082,0,0,0
1.97425,0,0,0
53.5132,0,0,0
60,0,0,0
11.3341,0,0,0
60,0,0,0
8.7508,0,0,0
60,0,0,0
9.48836,0,0,0
4.25276,0,0,0
4.27755,0,0,0
60,0,0,0
60,0,0,0
60,0,0,0
